throughput: 8823.47 
delay: 0.07084 
send packet: 1152.00 
received packet: 1025.00 
drop packet: 233.00 
delivery ratio: 88.98 
drop ratio: 20.23 
time: 15.00000 
total_energy: 861.21900 
energy_per_bit: 0.00651 
energy_per_byte: 0.05206 
energy_per_packet: 0.84021 
total_retrnsmit: 1261 
