throughput: 8797.87 
delay: 0.09516 
send packet: 1253.00 
received packet: 1025.00 
drop packet: 401.00 
delivery ratio: 81.80 
drop ratio: 32.00 
time: 15.00000 
total_energy: 898.06300 
energy_per_bit: 0.00681 
energy_per_byte: 0.05444 
energy_per_packet: 0.87616 
total_retrnsmit: 1426 
