throughput: 10414.93 
delay: 0.06542 
send packet: 1342.00 
received packet: 1213.00 
drop packet: 200.00 
delivery ratio: 90.39 
drop ratio: 14.90 
time: 15.00000 
total_energy: 900.10100 
energy_per_bit: 0.00576 
energy_per_byte: 0.04609 
energy_per_packet: 0.74205 
total_retrnsmit: 1411 
