throughput: 2079.19 
delay: 0.08218 
send packet: 264.00 
received packet: 225.00 
drop packet: 24.00 
delivery ratio: 85.23 
drop ratio: 9.09 
time: 14.22090 
total_energy: 2214.69700 
energy_per_bit: 0.07490 
energy_per_byte: 0.59921 
energy_per_packet: 9.84310 
total_retrnsmit: 237 
