throughput: 14771.20 
delay: 0.06626 
send packet: 1885.00 
received packet: 1722.00 
drop packet: 206.00 
delivery ratio: 91.35 
drop ratio: 10.93 
time: 15.00000 
total_energy: 448.59800 
energy_per_bit: 0.00202 
energy_per_byte: 0.01620 
energy_per_packet: 0.26051 
total_retrnsmit: 1744 
