throughput: 3116.14 
delay: 0.06625 
send packet: 400.00 
received packet: 317.00 
drop packet: 66.00 
delivery ratio: 79.25 
drop ratio: 16.50 
time: 13.26769 
total_energy: 2106.28600 
energy_per_bit: 0.05095 
energy_per_byte: 0.40756 
energy_per_packet: 6.64444 
total_retrnsmit: 338 
