throughput: 16042.67 
delay: 0.08495 
send packet: 2093.00 
received packet: 1871.00 
drop packet: 332.00 
delivery ratio: 89.39 
drop ratio: 15.86 
time: 15.00000 
total_energy: 449.46100 
energy_per_bit: 0.00187 
energy_per_byte: 0.01494 
energy_per_packet: 0.24023 
total_retrnsmit: 1967 
