throughput: 2082.13 
delay: 0.20793 
send packet: 394.00 
received packet: 232.00 
drop packet: 326.00 
delivery ratio: 58.88 
drop ratio: 82.74 
time: 15.00000 
total_energy: 1353.68800 
energy_per_bit: 0.04334 
energy_per_byte: 0.34674 
energy_per_packet: 5.83486 
total_retrnsmit: 616 
