throughput: 5606.40 
delay: 0.06269 
send packet: 742.00 
received packet: 602.00 
drop packet: 166.00 
delivery ratio: 81.13 
drop ratio: 22.37 
time: 13.88127 
total_energy: 1740.32300 
energy_per_bit: 0.02236 
energy_per_byte: 0.17890 
energy_per_packet: 2.89090 
total_retrnsmit: 702 
