throughput: 17062.40 
delay: 0.05913 
send packet: 2134.00 
received packet: 1992.00 
drop packet: 122.00 
delivery ratio: 93.35 
drop ratio: 5.72 
time: 15.00000 
total_energy: 1767.62300 
energy_per_bit: 0.00691 
energy_per_byte: 0.05525 
energy_per_packet: 0.88736 
total_retrnsmit: 2014 
