throughput: 20902.40 
delay: 0.05572 
send packet: 2661.00 
received packet: 2439.00 
drop packet: 211.00 
delivery ratio: 91.66 
drop ratio: 7.93 
time: 15.00000 
total_energy: 448.65400 
energy_per_bit: 0.00143 
energy_per_byte: 0.01145 
energy_per_packet: 0.18395 
total_retrnsmit: 2445 
